                                                  
                                                  
                                                  
                  11111111111111                  
              11111            11111              
            111                    111            
          111                        111          
         11                            11         
        11         777777777777         11        
       11        7777777777777777        11       
      11        777777777777777777        11      
      11       77777777777777777777       11      
     11       7777777777777777777777    1111111   
     11       7777777777777777777777    1111111   
     11       7777777777777777777777     1  1     
      11       77777777777777777777               
      11        777777777777777777                
       11        7777777777777777      11111      
        11         777777777777       111 11      
         11             11          111  11       
          111           111       111   11        
            111           111   111    11         
              11111         11111   1111          
                  111111111111 111111             
                                                  
                                                  
                                                  